00350000018178 
00350000018179 
00350000018180 
00350000018181 
00350000018182 
00350000018183 
00350000018184 
00350000018185 
00350000018186 
00350000018187 
00350000018188 
00350000018189 
00350000018190 
00350000018191 
00350000018192 
00350000018193 
00350000018194 
00350000018195 
00350000018196 
00350000018197 
00350000018198 
00350000018199 
00350000018200 
00350000018201 
00350000018202 
00350000018203 
00350000018204 
00350000018205 
00350000018206 
00350000018207 
00350000018208 
00350000018209 
00350000018210 
00350000018211 
00350000018212 
00350000018213 
00350000018214 
00350000018215 
00350000018216 
00350000018217 
00350000018218 
00350000018219 
00350000018220 
00350000018221 
00350000018222 
00350000018223 
00350000018224 
00350000018225 
00350000018226 
00350000018227 
00350000018228 
00350000018229 
00350000018230 
00350000018231 
00350000018232 
00350000018233 
00350000018234 
00350000018235 
00350000018236 
00350000018237 
00350000018238 
00350000018239 
00350000018240 
00350000018241 
00350000018242 
00350000018243 
00350000018244 
00350000018245 
00350000018246 
00350000018247 
00350000018248 
00350000018249 
00350000018250 
00350000018251 
00350000018252 
00350000018253 
00350000018254 
00350000018255 
00350000018256 
00350000018257 
00350000018258 
00350000018259 
00350000018260 
00350000018261 
00350000018262 
00350000018263 
00350000018264 
00350000018265 
00350000018266 
00350000018267 
00350000018268 
00350000018269 
00350000018270 
00350000018271 
00350000018272 
00350000018273 
00350000018274 
00350000018275 
00350000018276 
00350000018277 
00350000018278 
00350000018279 
00350000018280 
00350000018281 
00350000018282 
00350000018283 
00350000018284 
00350000018285 
00350000018286 
00350000018287 
00350000018288 
00350000018289 
00350000018290 
00350000018291 
00350000018292 
00350000018293 
00350000018294 
00350000018295 
00350000018296 
00350000018297 
00350000018298 
00350000018299 
00350000018300 
00350000018301 
00350000018302 
00350000018303 
00350000018304 
00350000018305 
00350000018306 
00350000018307 
00350000018308 
00350000018309 
00350000018310 
00350000018311 
00350000018312 
00350000018313 
00350000018314 
00350000018315 
00350000018316 
00350000018317 
00350000018318 
00350000018319 
00350000018320 
00350000018321 
00350000018322 
00350000018323 
00350000018324 
00350000018325 
00350000018326 
00350000018327 
00350000018328 
00350000018329 
00350000018330 
00350000018331 
00350000018332 
00350000018333 
00350000018334 
00350000018335 
00350000018336 
00350000018337 
00350000018338 
00350000018339 
00350000018340 
00350000018341 
00350000018342 
00350000018343 
00350000018344 
00350000018345 
00350000018346 
00350000018347 
00350000018348 
00350000018349 
00350000018350 
00350000018351 
00350000018352 
00350000018353 
00350000018354 
00350000018355 
00350000018356 
00350000018357 
00350000018358 
00350000018359 
00350000018360 
00350000018361 
00350000018362 
00350000018363 
00350000018364 
00350000018365 
00350000018366 
00350000018367 
00350000018368 
00350000018369 
00350000018370 
00350000018371 
00350000018372 
00350000018373 
00350000018374 
00350000018375 
00350000018376 
00350000018377 
00350000018378 
00350000018379 
00350000018380 
00350000018381 
00350000018382 
00350000018383 
00350000018384 
00350000018385 
00350000018386 
00350000018387 
00350000018388 
00350000018389 
00350000018390 
00350000018391 
00350000018392 
00350000018393 
00350000018394 
00350000018395 
00350000018396 
00350000018397 
00350000018398 
00350000018399 
00350000018400 
00350000018401 
00350000018402 
00350000018403 
00350000018404 
00350000018405 
00350000018406 
00350000018407 
00350000018408 
00350000018409 
00350000018410 
00350000018411 
00350000018412 
00350000018413 
00350000018414 
00350000018415 
00350000018416 
00350000018417 
00350000018418 
00350000018419 
00350000018420 
00350000018421 
00350000018422 
00350000018423 
00350000018424 
00350000018425 
00350000018426 
00350000018427 
00350000018428 
00350000018429 
00350000018430 
00350000018431 
00350000018432 
00350000018433 
00350000018434 
00350000018435 
00350000018436 
00350000018437 
00350000018438 
00350000018439 
00350000018440 
00350000018441 
00350000018442 
00350000018443 
00350000018444 
00350000018445 
00350000018446 
00350000018447 
00350000018448 
00350000018449 
00350000018450 
00350000018451 
00350000018452 
00350000018453 
00350000018454 
00350000018455 
00350000018456 
00350000018457 
00350000018458 
00350000018459 
00350000018460 
00350000018461 
00350000018462 
00350000018463 
00350000018464 
00350000018465 
00350000018466 
00350000018467 
00350000018468 
00350000018469 
00350000018470 
00350000018471 
00350000018472 
00350000018473 
00350000018474 
00350000018475 
00350000018476 
00350000018477 
00350000018478 
00350000018479 
00350000018480 
00350000018481 
00350000018482 
00350000018483 
00350000018484 
00350000018485 
00350000018486 
00350000018487 
00350000018488 
00350000018489 
00350000018490 
00350000018491 
00350000018492 
00350000018493 
00350000018494 
00350000018495 
00350000018496 
00350000018497 
00350000018498 
00350000018499 
00350000018500 
00350000018501 
00350000018502 
00350000018503 
00350000018504 
00350000018505 
00350000018506 
00350000018507 
00350000018508 
00350000018509 
00350000018510 
00350000018511 
00350000018512 
00350000018513 
00350000018514 
00350000018515 
00350000018516 
00350000018517 
00350000018518 
00350000018519 
00350000018520 
00350000018521 
00350000018522 
00350000018523 
00350000018524 
00350000018525 
00350000018526 
00350000018527 
00350000018528 
00350000018529 
00350000018530 
00350000018531 
00350000018532 
00350000018533 
00350000018534 
00350000018535 
00350000018536 
00350000018537 
00350000018538 
00350000018539 
00350000018540 
00350000018541 
00350000018542 
00350000018543 
00350000018544 
00350000018545 
00350000018546 
00350000018547 
00350000018548 
00350000018549 
00350000018550 
00350000018551 
00350000018552 
00350000018553 
00350000018554 
00350000018555 
00350000018556 
00350000018557 
00350000018558 
00350000018559 
00350000018560 
00350000018561 
00350000018562 
00350000018563 
00350000018564 
00350000018565 
00350000018566 
00350000018567 
00350000018568 
00350000018569 
00350000018570 
00350000018571 
00350000018572 
00350000018573 
00350000018574 
00350000018575 
00350000018576 
00350000018577 
00350000018578 
00350000018579 
00350000018580 
00350000018581 
00350000018582 
00350000018583 
00350000018584 
00350000018585 
00350000018586 
00350000018587 
00350000018588 
00350000018589 
00350000018590 
00350000018591 
00350000018592 
00350000018593 
00350000018594 
00350000018595 
00350000018596 
00350000018597 
00350000018598 
00350000018599 
00350000018600 
00350000018601 
00350000018602 
00350000018603 
00350000018604 
00350000018605 
00350000018606 
00350000018607 
00350000018608 
00350000018609 
00350000018610 
00350000018611 
00350000018612 
00350000018613 
00350000018614 
00350000018615 
00350000018616 
00350000018617 
00350000018618 
00350000018619 
00350000018620 
00350000018621 
00350000018622 
00350000018623 
00350000018624 
00350000018625 
00350000018626 
00350000018627 
00350000018628 
00350000018629 
00350000018630 
00350000018631 
00350000018632 
00350000018633 
00350000018634 
00350000018635 
00350000018636 
00350000018637 
00350000018638 
00350000018639 
00350000018640 
00350000018641 
00350000018642 
00350000018643 
00350000018644 
00350000018645 
00350000018646 
00350000018647 
00350000018648 
00350000018649 
00350000018650 
00350000018651 
00350000018652 
00350000018653 
00350000018654 
00350000018655 
00350000018656 
00350000018657 
00350000018658 
00350000018659 
00350000018660 
00350000018661 
00350000018662 
00350000018663 
00350000018664 
00350000018665 
00350000018666 
00350000018667 
00350000018668 
00350000018669 
00350000018670 
00350000018671 
00350000018672 
00350000018673 
00350000018674 
00350000018675 
00350000018676 
00350000018677 
00350000018678 
00350000018679 
00350000018680 
00350000018681 
00350000018682 
00350000018683 
00350000018684 
00350000018685 
00350000018686 
00350000018687 
00350000018688 
00350000018689 
00350000018690 
00350000018691 
00350000018692 
00350000018693 
00350000018694 
00350000018695 
00350000018696 
00350000018697 
00350000018698 
00350000018699 
00350000018700 
00350000018701 
00350000018702 
00350000018703 
00350000018704 
00350000018705 
00350000018706 
00350000018707 
00350000018708 
00350000018709 
00350000018710 
00350000018711 
00350000018712 
00350000018713 
00350000018714 
00350000018715 
00350000018716 
00350000018717 
00350000018718 
00350000018719 
00350000018720 
00350000018721 
00350000018722 
00350000018723 
00350000018724 
00350000018725 
00350000018726 
00350000018727 
00350000018728 
00350000018729 
00350000018730 
00350000018731 
00350000018732 
00350000018733 
00350000018734 
00350000018735 
00350000018736 
00350000018737 
00350000018738 
00350000018739 
00350000018740 
00350000018741 
00350000018742 
00350000018743 
00350000018744 
00350000018745 
00350000018746 
00350000018747 
00350000018748 
00350000018749 
00350000018750 
00350000018751 
00350000018752 
00350000018753 
00350000018754 
00350000018755 
00350000018756 
00350000018757 
00350000018758 
00350000018759 
00350000018760 
00350000018761 
00350000018762 
00350000018763 
00350000018764 
00350000018765 
00350000018766 
00350000018767 
00350000018768 
00350000018769 
00350000018770 
00350000018771 
00350000018772 
00350000018773 
00350000018774 
00350000018775 
00350000018776 
00350000018777 
00350000018778 
00350000018779 
00350000018780 
00350000018781 
00350000018782 
00350000018783 
00350000018784 
00350000018785 
00350000018786 
00350000018787 
00350000018788 
00350000018789 
00350000018790 
00350000018791 
00350000018792 
00350000018793 
00350000018794 
00350000018795 
00350000018796 
00350000018797 
00350000018798 
00350000018799 
00350000018800 
00350000018801 
00350000018802 
00350000018803 
00350000018804 
00350000018805 
00350000018806 
00350000018807 
00350000018808 
00350000018809 
00350000018810 
00350000018811 
00350000018812 
00350000018813 
00350000018814 
00350000018815 
00350000018816 
00350000018817 
00350000018818 
00350000018819 
00350000018820 
00350000018821 
00350000018822 
00350000018823 
00350000018824 
00350000018825 
00350000018826 
00350000018827 
00350000018828 
00350000018829 
00350000018830 
00350000018831 
00350000018832 
00350000018833 
00350000018834 
00350000018835 
00350000018836 
00350000018837 
00350000018838 
00350000018839 
00350000018840 
00350000018841 
00350000018842 
00350000018843 
00350000018844 
00350000018845 
00350000018846 
00350000018847 
00350000018848 
00350000018849 
00350000018850 
00350000018851 
00350000018852 
00350000018853 
00350000018854 
00350000018855 
00350000018856 
00350000018857 
00350000018858 
00350000018859 
00350000018860 
00350000018861 
00350000018862 
00350000018863 
00350000018864 
00350000018865 
00350000018866 
00350000018867 
00350000018868 
00350000018869 
00350000018870 
00350000018871 
00350000018872 
00350000018873 
00350000018874 
00350000018875 
00350000018876 
00350000018877 
00350000018878 
00350000018879 
00350000018880 
00350000018881 
00350000018882 
00350000018883 
00350000018884 
00350000018885 
00350000018886 
00350000018887 
00350000018888 
00350000018889 
00350000018890 
00350000018891 
00350000018892 
00350000018893 
00350000018894 
00350000018895 
00350000018896 
00350000018897 
00350000018898 
00350000018899 
00350000018900 
00350000018901 
00350000018902 
00350000018903 
00350000018904 
00350000018905 
00350000018906 
00350000018907 
00350000018908 
00350000018909 
00350000018910 
00350000018911 
00350000018912 
00350000018913 
00350000018914 
00350000018915 
00350000018916 
00350000018917 
00350000018918 
00350000018919 
00350000018920 
00350000018921 
00350000018922 
00350000018923 
00350000018924 
00350000018925 
00350000018926 
00350000018927 
00350000018928 
00350000018929 
00350000018930 
00350000018931 
00350000018932 
00350000018933 
00350000018934 
00350000018935 
00350000018936 
00350000018937 
00350000018938 
00350000018939 
00350000018940 
00350000018941 
00350000018942 
00350000018943 
00350000018944 
00350000018945 
00350000018946 
00350000018947 
00350000018948 
00350000018949 
00350000018950 
00350000018951 
00350000018952 
00350000018953 
00350000018954 
00350000018955 
00350000018956 
00350000018957 
00350000018958 
00350000018959 
00350000018960 
00350000018961 
00350000018962 
00350000018963 
00350000018964 
00350000018965 
00350000018966 
00350000018967 
00350000018968 
00350000018969 
00350000018970 
00350000018971 
00350000018972 
00350000018973 
00350000018974 
00350000018975 
00350000018976 
00350000018977 
00350000018978 
00350000018979 
00350000018980 
00350000018981 
00350000018982 
00350000018983 
00350000018984 
00350000018985 
00350000018986 
00350000018987 
00350000018988 
00350000018989 
00350000018990 
00350000018991 
00350000018992 
00350000018993 
00350000018994 
00350000018995 
00350000018996 
00350000018997 
00350000018998 
00350000018999 
00350000019000 
00350000019001 
00350000019002 
00350000019003 
00350000019004 
00350000019005 
00350000019006 
00350000019007 
00350000019008 
00350000019009 
00350000019010 
00350000019011 
00350000019012 
00350000019013 
00350000019014 
00350000019015 
00350000019016 
00350000019017 
00350000019018 
00350000019019 
00350000019020 
00350000019021 
00350000019022 
00350000019023 
00350000019024 
00350000019025 
00350000019026 
00350000019027 
00350000019028 
00350000019029 
00350000019030 
00350000019031 
00350000019032 
00350000019033 
00350000019034 
00350000019035 
00350000019036 
00350000019037 
00350000019038 
00350000019039 
00350000019040 
00350000019041 
00350000019042 
00350000019043 
00350000019044 
00350000019045 
00350000019046 
00350000019047 
00350000019048 
00350000019049 
00350000019050 
00350000019051 
00350000019052 
00350000019053 
00350000019054 
00350000019055 
00350000019056 
00350000019057 
00350000019058 
00350000019059 
00350000019060 
00350000019061 
00350000019062 
00350000019063 
00350000019064 
00350000019065 
00350000019066 
00350000019067 
00350000019068 
00350000019069 
00350000019070 
00350000019071 
00350000019072 
00350000019073 
00350000019074 
00350000019075 
00350000019076 
00350000019077 
00350000019078 
00350000019079 
00350000019080 
00350000019081 
00350000019082 
00350000019083 
00350000019084 
00350000019085 
00350000019086 
00350000019087 
00350000019088 
00350000019089 
00350000019090 
00350000019091 
00350000019092 
00350000019093 
00350000019094 
00350000019095 
00350000019096 
00350000019097 
00350000019098 
00350000019099 
00350000019100 
00350000019101 
00350000019102 
00350000019103 
00350000019104 
00350000019105 
00350000019106 
00350000019107 
00350000019108 
00350000019109 
00350000019110 
00350000019111 
00350000019112 
00350000019113 
00350000019114 
00350000019115 
00350000019116 
00350000019117 
00350000019118 
00350000019119 
00350000019120 
00350000019121 
00350000019122 
00350000019123 
00350000019124 
00350000019125 
00350000019126 
00350000019127 
00350000019128 
00350000019129 
00350000019130 
00350000019131 
00350000019132 
00350000019133 
00350000019134 
00350000019135 
00350000019136 
00350000019137 
00350000019138 
00350000019139 
00350000019140 
00350000019141 
00350000019142 
00350000019143 
00350000019144 
00350000019145 
00350000019146 
00350000019147 
00350000019148 
00350000019149 
00350000019150 
00350000019151 
00350000019152 
00350000019153 
00350000019154 
00350000019155 
00350000019156 
00350000019157 
00350000019158 
00350000019159 
00350000019160 
00350000019161 
00350000019162 
00350000019163 
00350000019164 
00350000019165 
00350000019166 
00350000019167 
00350000019168 
00350000019169 
00350000019170 
00350000019171 
00350000019172 
00350000019173 
00350000019174 
00350000019175 
00350000019176 
00350000019177 